Time	Watts																	
																		
0	6.4		13.05533333	7.457166667														0
1	0		20.5125															0
2	11.8																	0
3	19.2																	0
4	18.6																	0
5	10.7																	0
6	10.6																	0
7	10.6																	0
8	10.6																	0
9	19.2																	0
10	13.8																	0
11	13.3																	0
12	13.1																	0
13	12.8																	0
14	12.5																	0
15	19.8																	0
16	13.6																	0
17	13.2																	0
18	13																	0
19	12.8																	0
20	12.9																	0
21	19.8																	0
22	13.4																	0
23	13																	0
24	12.8																	0
25	12.5																	0
26	12.3																	0
27	20.4																	0
28	20																	0
29	14.4																	0
30	14.2																	0
31	14.1																	0
32	13.8																	0
33	20																	0
34	14.8																	0
35	14.3																	0
36	14.1																	0
37	13.7																	0
38	13.5																	0
39	19.8																	0
40	14.6																	0
41	14.2																	0
42	13.8																	0
43	13.6																	0
44	13.2																	0
45	19.4																	0
46	13.8																	0
47	13.4																	0
48	13.1																	0
49	12.8																	0
50	12.6																	0
51	19.6																	0
52	12.8																	0
53	12.5																	0
54	12.3																	0
55	12.1																	0
56	11.9																	0
57	20																	0
58	13.2																	0
59	12.8																	0
60	12.6																	0
61	12.4																	0
62	12.3																	0
63	21																	0
64	12.4																	0
65	12.1																	0
66	11.9																	0
67	11.7																	0
68	11.6																	0
69	21.2																	0
70	11.8																	0
71	11.6																	0
72	11.5																	0
73	11.4																	0
74	11.3																	0
75	21.6																	0
76	11.5																	0
77	11.4																	0
78	11.3																	0
79	11.2																	0
80	11.2																	0
81	21.4																	0
82	10.9																	0
83	10.8																	0
84	10.8																	0
85	10.9																	0
86	10.8																	0
87	21.4																	0
88	12																	0
89	11.8																	0
90	11.7																	0
91	11.5																	0
92	11.4																	0
93	22.2																	0
94	11.1																	0
95	11.1																	0
96	11																	0
97	10.9																	0
98	11																	0
99	22.2																	0
100	10.7																	0
101	10.7																	0
102	10.8																	0
103	10.8																	0
104	10.8																	0
105	22																	0
106	10.5																	0
107	10.4																	0
108	10.5																	0
109	10.5																	0
110	10.7																	0
111	21.2																	0
112	10.5																	0
113	10.5																	0
114	10.6																	0
115	10.6																	0
116	10.8																	0
117	21																	0
118	11.1																	0
119	11																	0
120	11																	0
121	11																	0
122	11.2																	0
123	21																	0
124	10.9																	0
125	10.8																	0
126	10.8																	0
127	10.9																	0
128	11.2																	0
129	20																	0
130	10.7																	0
131	10.6																	0
132	10.6																	0
133	10.6																	0
134	11																	0
135	19.2																	0
136	11.3																	0
137	11.1																	0
138	11.1																	0
139	11.1																	0
140	11.5																	0
141	18.5																	0
142	10.5																	0
143	10.8																	0
144	11																	0
145	11																	0
146	11.4																	0
147	18.5																	0
148	11.3																	0
149	11.2																	0
150	11.2																	0
151	11.2																	0
152	11.7																	0
153	18.7																	0
154	10.7																	0
155	10.7																	0
156	10.6																	0
157	10.6																	0
158	11.2																	0
159	17.9																	0
160	10.7																	0
161	10.7																	0
162	10.8																	0
163	10.8																	0
164	11.4																	0
165	17.5																	0
166	10.5																	0
167	10.4																	0
168	10.5																	0
169	10.5																	0
170	16.1																	0
171	16.1																	0
172	10.1																	0
173	10.2																	0
174	10.3																	0
175	10.4																	0
176	16.7																	0
177	16.6																	0
178	11.1																	0
179	11																	0
180	11																	0
181	11.1																	0
182	16.9																	0
183	16.8																	0
184	10.7																	0
185	10.7																	0
186	10.6																	0
187	10.6																	0
188	17.5																	0
189	17.2																	0
190	10.7																	0
191	10.6																	0
192	10.7																	0
193	10.7																	0
194	18.1																	0
195	17.7																	0
196	10.3																	0
197	10.3																	0
198	10.4																	0
199	10.4																	0
200	18.3																	0
201	17.8																	0
202	10.3																	0
203	10.3																	0
204	10.4																	0
205	10.4																	0
206	18.5																	0
207	17.9																	0
208	11.3																	0
209	11.2																	0
210	11.1																	0
211	11.1																	0
212	18.7																	0
213	18.1																	0
214	10.5																	0
215	10.5																	0
216	10.5																	0
217	10.6																	0
218	19.6																	0
219	13.6																	0
220	13.2																	0
221	13																	0
222	12.7																	0
223	12.5																	0
224	20.8																	0
225	13																	0
226	12.7																	0
227	12.4																	0
228	12.3																	0
229	12.1																	0
230	20.6																	0
231	12.4																	0
232	12.1																	0
233	12																	0
234	11.8																	0
235	11.7																	0
236	21																	0
237	11.3																	0
238	11.2																	0
239	11.2																	0
240	11.2																	0
241	11.1																	0
242	22.2																	0
243	11.1																	0
244	11																	0
245	11																	0
246	10.9																	0
247	10.9																	0
248	22																	0
249	10.9																	0
250	10.8																	0
251	10.8																	0
252	10.7																	0
253	10.8																	0
254	22																	0
255	10.9																	0
256	10.8																	0
257	10.7																	0
258	10.7																	0
259	10.9																	0
260	21.6																	0
261	10.5																	0
262	10.4																	0
263	10.5																	0
264	10.5																	0
265	10.8																	0
266	20.2																	0
267	10.9																	0
268	16.3																	0
269	16.7																	0
270	16.8																	0
271	16.3																	0
272	16.8																	0
273	11.5																	0
274	11.4																	0
275	11.4																	0
276	11.3																	0
277	11.6																	0
278	20																	0
279	10.7																	0
280	10.7																	0
281	10.7																	0
282	10.8																	0
283	11.2																	0
284	19.6																	0
285	10.5																	0
286	10.6																	0
287	10.6																	0
288	10.7																	0
289	11.1																	0
290	19																	0
291	11.1																	0
292	11																	0
293	11.1																	0
294	11																	0
295	11.5																	0
296	18.1																	0
297	10.1																	0
298	10.2																	0
299	10.3																	0
300	10.4																	0
301	10.9																	0
302	23.9																	0
303	23.3																	0
304	22.8																	0
305	22.3																	0
306	21.9																	0
307	21.6																	0
308	22.1																	0
309	21.8																	0
310	21.5																	0
311	21.3																	0
312	21																	0
313	20.8																	0
314	21.3																	0
315	21.3																	0
