Time	Watts																	
																		
0	6.8		12.76566667	6.059333333														0
1	0		18.825															0
2	12.6																	0
3	17.7																	0
4	11.1																	0
5	11																	0
6	11																	0
7	11																	0
8	18.5																	0
9	18																	0
10	10.7																	0
11	10.6																	0
12	10.6																	0
13	10.7																	0
14	19.2																	0
15	18.5																	0
16	10.5																	0
17	10.5																	0
18	10.5																	0
19	10.6																	0
20	19.8																	0
21	13.6																	0
22	13.1																	0
23	12.9																	0
24	12.6																	0
25	12.4																	0
26	20.6																	0
27	12.8																	0
28	12.5																	0
29	12.3																	0
30	12.1																	0
31	11.9																	0
32	21.2																	0
33	11.3																	0
34	11.2																	0
35	11.1																	0
36	11.1																	0
37	11.1																	0
38	22.2																	0
39	11.1																	0
40	11																	0
41	11.1																	0
42	11																	0
43	11																	0
44	22.2																	0
45	10.7																	0
46	10.6																	0
47	10.7																	0
48	10.7																	0
49	10.7																	0
50	22.2																	0
51	10.5																	0
52	10.5																	0
53	10.6																	0
54	10.6																	0
55	10.7																	0
56	21.8																	0
57	10.9																	0
58	10.8																	0
59	10.8																	0
60	10.9																	0
61	11																	0
62	21.4																	0
63	10.9																	0
64	10.9																	0
65	10.9																	0
66	10.8																	0
67	11																	0
68	20.6																	0
69	10.7																	0
70	10.7																	0
71	10.6																	0
72	10.7																	0
73	10.9																	0
74	20.4																	0
75	10.9																	0
76	10.8																	0
77	10.8																	0
78	10.8																	0
79	11																	0
80	20.2																	0
81	10.5																	0
82	10.5																	0
83	10.5																	0
84	10.5																	0
85	10.9																	0
86	19.8																	0
87	11.1																	0
88	11.1																	0
89	11																	0
90	11																	0
91	11.3																	0
92	19.2																	0
93	10.9																	0
94	10.9																	0
95	10.8																	0
96	10.8																	0
97	11.2																	0
98	19.6																	0
99	10.7																	0
100	10.7																	0
101	10.8																	0
102	10.8																	0
103	11.2																	0
104	19																	0
105	10.7																	0
106	10.6																	0
107	10.6																	0
108	10.7																	0
109	11.2																	0
110	18.1																	0
111	10.7																	0
112	10.7																	0
113	10.7																	0
114	10.7																	0
115	11.2																	0
116	18.1																	0
117	10.7																	0
118	10.7																	0
119	10.7																	0
120	10.7																	0
121	11.3																	0
122	17.3																	0
123	11.1																	0
124	11.1																	0
125	11																	0
126	10.9																	0
127	11.5																	0
128	17.9																	0
129	10.9																	0
130	10.8																	0
131	10.8																	0
132	10.8																	0
133	16.3																	0
134	16.4																	0
135	10.7																	0
136	10.7																	0
137	10.6																	0
138	10.7																	0
139	16.3																	0
140	16.3																	0
141	10.5																	0
142	10.4																	0
143	10.4																	0
144	10.5																	0
145	16.7																	0
146	16.6																	0
147	10.3																	0
148	10.3																	0
149	10.4																	0
150	10.5																	0
151	16.9																	0
152	16.8																	0
153	10.9																	0
154	10.9																	0
155	10.9																	0
156	10.9																	0
157	17.3																	0
158	17.1																	0
159	10.9																	0
160	10.8																	0
161	10.9																	0
162	10.9																	0
163	17.9																	0
164	17.6																	0
165	10.7																	0
166	10.7																	0
167	10.7																	0
168	10.7																	0
169	18.7																	0
170	18.2																	0
171	10.7																	0
172	10.6																	0
173	10.7																	0
174	10.7																	0
175	18.7																	0
176	18.1																	0
177	10.7																	0
178	10.7																	0
179	10.7																	0
180	10.7																	0
181	18.7																	0
182	13.4																	0
183	13																	0
184	12.9																	0
185	12.6																	0
186	12.4																	0
187	19.6																	0
188	13.4																	0
189	13.1																	0
190	12.8																	0
191	12.5																	0
192	12.3																	0
193	20																	0
194	13.4																	0
195	13																	0
196	12.7																	0
197	13.2																	0
198	13.3																	0
199	21.4																	0
200	14.2																	0
201	13.8																	0
202	13.5																	0
203	13.2																	0
204	13																	0
205	20.8																	0
206	12.6																	0
207	12.4																	0
208	12.2																	0
209	12.1																	0
210	11.9																	0
211	21																	0
212	11.8																	0
213	11.6																	0
214	11.6																	0
215	11.5																	0
216	11.4																	0
217	21.6																	0
218	12																	0
219	11.8																	0
220	11.7																	0
221	11.7																	0
222	11.5																	0
223	21.8																	0
224	11.1																	0
225	11.1																	0
226	11																	0
227	11																	0
228	11																	0
229	22.2																	0
230	10.7																	0
231	10.7																	0
232	10.7																	0
233	10.8																	0
234	10.8																	0
235	21.8																	0
236	10.9																	0
237	10.8																	0
238	10.8																	0
239	10.9																	0
240	10.9																	0
241	21.8																	0
242	10.9																	0
243	10.9																	0
244	10.9																	0
245	10.8																	0
246	10.9																	0
247	21																	0
248	11.1																	0
249	11.1																	0
250	11.1																	0
251	11																	0
252	11.1																	0
253	21.2																	0
254	12.2																	0
255	12																	0
256	11.8																	0
257	11.9																	0
258	12																	0
259	20.6																	0
260	10.9																	0
261	10.8																	0
262	10.8																	0
263	10.9																	0
264	11.1																	0
265	20.6																	0
266	10.9																	0
267	10.9																	0
268	10.9																	0
269	10.9																	0
270	11.3																	0
271	19.8																	0
272	10.7																	0
273	10.7																	0
274	10.7																	0
275	10.7																	0
276	11.1																	0
277	18.5																	0
278	10.9																	0
279	10.9																	0
280	10.9																	0
281	11																	0
282	11.4																	0
283	18.7																	0
284	10.9																	0
285	10.8																	0
286	10.8																	0
287	10.8																	0
288	11.3																	0
289	18.3																	0
290	10.7																	0
291	10.7																	0
292	10.6																	0
293	10.6																	0
294	15.9																	0
295	16.1																	0
296	10.7																	0
297	10.7																	0
298	10.8																	0
299	10.8																	0
300	16.3																	0
301	16.4																	0
302	11.3																	0
303	19.2																	0
304	19.2																	0
305	19.2																	0
306	19.5																	0
307	20.1																	0
308	19.9																	0
309	19.8																	0
310	19.7																	0
311	19.7																	0
312	19.8																	0
313	20.4																	0
314	20.4																	0
315	20.3																	0
