Time	Watts																	
																		
0	7.2		13.67166667	5.082179487														0
1	6.7		18.75384615															0
2	15.9																	0
3	15.3																	0
4	14.8																	0
5	14.5																	0
6	14.1																	0
7	20.2																	0
8	19.7																	0
9	11.5																	0
10	11.4																	0
11	11.4																	0
12	11.4																	0
13	21.4																	0
14	14.8																	0
15	14.3																	0
16	13.9																	0
17	13.6																	0
18	13.5																	0
19	21.2																	0
20	13.6																	0
21	13.3																	0
22	13.1																	0
23	12.9																	0
24	13																	0
25	21.2																	0
26	12																	0
27	11.9																	0
28	11.8																	0
29	11.8																	0
30	12.2																	0
31	21.4																	0
32	11.5																	0
33	11.5																	0
34	11.5																	0
35	11.4																	0
36	11.9																	0
37	20																	0
38	11.3																	0
39	11.3																	0
40	11.3																	0
41	11.4																	0
42	12																	0
43	18.7																	0
44	10.9																	0
45	10.8																	0
46	10.9																	0
47	10.9																	0
48	17.3																	0
49	17.4																	0
50	11.5																	0
51	11.5																	0
52	11.5																	0
53	11.4																	0
54	18.1																	0
55	17.9																	0
56	11.8																	0
57	11.7																	0
58	11.6																	0
59	11.6																	0
60	19																	0
61	18.6																	0
62	11.3																	0
63	11.3																	0
64	11.3																	0
65	11.3																	0
66	20																	0
67	19.3																	0
68	11.1																	0
69	11.1																	0
70	11.1																	0
71	11.1																	0
72	20.6																	0
73	14.4																	0
74	13.9																	0
75	13.6																	0
76	13.4																	0
77	13.1																	0
78	21.2																	0
79	13																	0
80	12.8																	0
81	12.6																	0
82	12.4																	0
83	12.3																	0
84	21.6																	0
85	12.8																	0
86	12.6																	0
87	12.4																	0
88	12.3																	0
89	12.2																	0
90	21.6																	0
91	12.6																	0
92	12.3																	0
93	12.2																	0
94	12.1																	0
95	12																	0
96	21.8																	0
97	12.2																	0
98	12.1																	0
99	12.1																	0
100	12																	0
101	11.9																	0
102	22.9																	0
103	11.5																	0
104	11.4																	0
105	11.4																	0
106	11.4																	0
107	11.4																	0
108	22.9																	0
109	12																	0
110	11.9																	0
111	11.8																	0
112	11.8																	0
113	11.7																	0
114	22.7																	0
115	11.5																	0
116	11.4																	0
117	11.4																	0
118	11.5																	0
119	11.5																	0
120	22.7																	0
121	11.5																	0
122	11.4																	0
123	11.4																	0
124	11.4																	0
125	11.5																	0
126	22.7																	0
127	11.5																	0
128	11.4																	0
129	11.4																	0
130	11.4																	0
131	11.4																	0
132	22.5																	0
133	11.5																	0
134	11.5																	0
135	11.5																	0
136	11.5																	0
137	11.6																	0
138	22																	0
139	11.1																	0
140	11.1																	0
141	11.1																	0
142	11.2																	0
143	11.3																	0
144	21.6																	0
145	11.1																	0
146	11.1																	0
147	11.2																	0
148	11.2																	0
149	11.3																	0
150	21.8																	0
151	11.5																	0
152	11.4																	0
153	11.4																	0
154	11.4																	0
155	11.6																	0
156	21.6																	0
157	11.5																	0
158	11.4																	0
159	11.5																	0
160	11.5																	0
161	11.6																	0
162	21.8																	0
163	10.9																	0
164	10.9																	0
165	10.9																	0
166	11																	0
167	11.3																	0
168	21																	0
169	12.4																	0
170	12.3																	0
171	12.2																	0
172	12.1																	0
173	12.2																	0
174	21.2																	0
175	11.3																	0
176	11.3																	0
177	11.2																	0
178	11.2																	0
179	11.4																	0
180	20.8																	0
181	11.3																	0
182	11.3																	0
183	11.3																	0
184	11.3																	0
185	11.6																	0
186	20.2																	0
187	11.1																	0
188	11.1																	0
189	11.1																	0
190	11.1																	0
191	11.5																	0
192	20.2																	0
193	11.5																	0
194	11.4																	0
195	11.4																	0
196	11.4																	0
197	11.8																	0
198	20																	0
199	11.5																	0
200	11.4																	0
201	11.5																	0
202	11.5																	0
203	11.9																	0
204	19.2																	0
205	11.1																	0
206	11.1																	0
207	11.1																	0
208	11.2																	0
209	11.7																	0
210	18.7																	0
211	11.5																	0
212	11.5																	0
213	11.4																	0
214	11.4																	0
215	12																	0
216	18.3																	0
217	11.8																	0
218	22.9																	0
219	22.4																	0
220	11.5																	0
221	16.7																	0
222	16.8																	0
223	16.3																	0
224	11.1																	0
225	11.1																	0
226	11.1																	0
227	17.1																	0
228	17.1																	0
229	11.8																	0
230	11.7																	0
231	11.7																	0
232	11.7																	0
233	17.3																	0
234	17.2																	0
235	11.5																	0
236	11.5																	0
237	11.5																	0
238	11.4																	0
239	17.9																	0
240	17.7																	0
241	11.8																	0
242	11.7																	0
243	11.6																	0
244	11.6																	0
245	18.1																	0
246	17.8																	0
247	11.5																	0
248	11.5																	0
249	11.5																	0
250	11.5																	0
251	19.2																	0
252	18.7																	0
253	11.1																	0
254	11.1																	0
255	11.1																	0
256	11.2																	0
257	19.4																	0
258	18.8																	0
259	11.3																	0
260	11.2																	0
261	11.2																	0
262	11.2																	0
263	20.2																	0
264	14.4																	0
265	14																	0
266	13.7																	0
267	13.4																	0
268	13.1																	0
269	20.6																	0
270	13.4																	0
271	13.1																	0
272	12.9																	0
273	12.7																	0
274	12.5																	0
275	20.8																	0
276	13.6																	0
277	13.2																	0
278	13																	0
279	12.9																	0
280	12.7																	0
281	21.4																	0
282	13																	0
283	12.7																	0
284	12.6																	0
285	12.4																	0
286	12.2																	0
287	21.8																	0
288	14.2																	0
289	14.4																	0
290	14.6																	0
291	14.7																	0
292	14.4																	0
293	21.6																	0
294	12.4																	0
295	12.2																	0
296	12.1																	0
297	12																	0
298	11.9																	0
299	22.2																	0
300	12.6																	0
301	12.4																	0
302	12.4																	0
303	20.2																	0
304	20.1																	0
305	20.7																	0
306	20.9																	0
307	20.8																	0
308	20.6																	0
309	20.6																	0
310	20.5																	0
311	20.8																	0
312	21.2																	0
